0000000000000000000000000000
1111111111100000000000000000
1111111111111000000000000000
1111111111111100000000000000
0000000000111110000000000000
0000000000001110000000000000
0000000000001110000000000000
0000000000000111000000000000
0000000000000111000000000000
0000000000000111000000000000
0000000000000111000000000000
0000000000000111000000000000
0000000000000111000000000000
0000000000000111000000000000
0000000000000111000000000000
0000000000000111000000000000
0000000001111111100000000000
0000011111111111111000000000
0001111111111111111110000000
0011111110001110111111100000
0011110000001110001111110000
0011100000011110000011111100
0011100000011100000000111110
0011110000011100000000011110
0011111111111100000000001111
0001111111111000000000000111
0000111111110000000000000011
0000000000000000000000000000
